type      = 0 # LINEAR_VOX_TO_VOX
nxforms   = 1
mean      = 0.0000 0.0000 0.0000
sigma     = 1.0000
1 4 4
5.314569175243378e-02 9.983846545219421e-01 2.009186148643494e-02 -1.089886474609375e+01 
-9.995249658823013e-02 -1.470076758414507e-02 9.948835968971252e-01 -4.401062011718750e+00 
9.935718178749084e-01 -5.488200485706329e-02 9.900975972414017e-02 1.431762695312500e+01 
0.000000000000000e+00 0.000000000000000e+00 0.000000000000000e+00 9.999999403953552e-01 
src volume info
valid = 1  # volume info valid
filename = /autofs/space/lachesis_002/users/mc1504/2025-chourrout-extremely-brilliant-brain/scripts/demo_data/downsampled_data_float32.nii.gz
volume = 293 293 337
voxelsize = 7.720000110566616e-03 7.720000110566616e-03 7.720000110566616e-03
xras   = 1.000000000000000e+00 0.000000000000000e+00 0.000000000000000e+00
yras   = 0.000000000000000e+00 1.000000000000000e+00 0.000000000000000e+00
zras   = 0.000000000000000e+00 0.000000000000000e+00 1.000000000000000e+00
cras   = 0.000000000000000e+00 0.000000000000000e+00 0.000000000000000e+00
dst volume info
valid = 1  # volume info valid
filename = /autofs/space/lachesis_002/users/mc1504/2025-chourrout-extremely-brilliant-brain/scripts/demo_data/downsampled_data_float32.nii.gz
volume = 293 293 337
voxelsize = 7.720000110566616e-03 7.720000110566616e-03 7.720000110566616e-03
xras   = 1.000000000000000e+00 0.000000000000000e+00 0.000000000000000e+00
yras   = 0.000000000000000e+00 1.000000000000000e+00 0.000000000000000e+00
zras   = 0.000000000000000e+00 0.000000000000000e+00 1.000000000000000e+00
cras   = 0.000000000000000e+00 0.000000000000000e+00 0.000000000000000e+00
