{
  "title": "Extremely Brilliant Brain, paired MRI and hippocampal subfields",
  "dimensions": {
    "x": [
      0.000007719999999999999,
      "m"
    ],
    "y": [
      0.000007719999999999999,
      "m"
    ],
    "z": [
      0.000007719999999999999,
      "m"
    ]
  },
  "position": [
    8848.6865234375,
    8545.8076171875,
    21064.517578125
  ],
  "crossSectionOrientation": [
    0.7071067690849304,
    -0.7071067690849304,
    0,
    0
  ],
  "crossSectionScale": 31.500393012836557,
  "projectionOrientation": [
    0.6974548101425171,
    -0.7130804061889648,
    0.05243693292140961,
    -0.04820292070508003
  ],
  "projectionScale": 20893.798805329476,
  "layers": [
    {
      "type": "image",
      "source": {
        "url": "zarr://gs://ucl-hip-ct-ebb-hseid5pvpp8vgtzt/sub-01/ses-01/micr/sub-01_ses-01_sample-brain_XPCT.ome.zarr/",
        "subsources": {
          "default": true
        },
        "enableDefaultSubsources": false
      },
      "tab": "source",
      "shaderControls": {
        "normalized": {
          "range": [
            14329,
            14500
          ]
        }
      },
      "crossSectionRenderScale": 4.783493096176566,
      "volumeRendering": "max",
      "name": "Extremely Brilliant Brain",
      "visible": false
    },
    {
      "type": "image",
      "source": {
        "url": "gs://ucl-hip-ct-ebb-hseid5pvpp8vgtzt/derivatives/sub-01/ses-02/anat/sub-01_ses-02_desc-masked_T2w.nii.zarr/|zarr2:",
        "transform": {
          "matrix": [
            [
              0.004127058764327903,
              -0.008129664984075462,
              0.9999584371028636,
              -2385.862510865518
            ],
            [
              0.9953972169333204,
              0.09577731739314138,
              -0.0033295636909657592,
              -1340.0151311116847
            ],
            [
              0.09574626837299992,
              -0.9953695866461958,
              -0.00848752451692014,
              21106.504651347183
            ]
          ],
          "outputDimensions": {
            "z": [
              0.000007719999999999999,
              "m"
            ],
            "y": [
              0.000007719999999999999,
              "m"
            ],
            "x": [
              0.000007719999999999999,
              "m"
            ]
          }
        },
        "subsources": {
          "default": true
        },
        "enableDefaultSubsources": false
      },
      "tab": "source",
      "annotationColor": "#00ff00",
      "opacity": 1,
      "shader": "#uicontrol invlerp normalized\n\nvoid main() {\n  emitGrayscale(normalized());\n  if (toRaw(getDataValue(0)) == 0) emitTransparent();\n}\n",
      "shaderControls": {
        "normalized": {
          "range": [
            2446,
            -2010
          ]
        }
      },
      "name": "MRI (NIfTI-Zarr)"
    },
    {
      "type": "image",
      "source": {
        "url": "gs://ucl-hip-ct-ebb-hseid5pvpp8vgtzt/sub-01/ses-02/anat/sub-01_ses-02_T2w.nii.gz|nifti:",
        "transform": {
          "matrix": [
            [
              0.9999584371028636,
              -0.008129664984075462,
              0.004127058764327903,
              -2385.862510865518
            ],
            [
              -0.0033295636909657592,
              0.09577731739314138,
              0.9953972169333204,
              -1340.0151311116847
            ],
            [
              -0.00848752451692014,
              -0.9953695866461958,
              0.09574626837299992,
              21106.504651347183
            ]
          ],
          "outputDimensions": {
            "z": [
              0.000007719999999999999,
              "m"
            ],
            "y": [
              0.000007719999999999999,
              "m"
            ],
            "x": [
              0.000007719999999999999,
              "m"
            ]
          }
        }
      },
      "tab": "rendering",
      "annotationColor": "#00ff00",
      "shaderControls": {
        "normalized": {
          "range": [
            2883,
            -2166
          ]
        }
      },
      "crossSectionRenderScale": 0.0625,
      "name": "MRI (NIfTI)",
      "visible": false
    },
    {
      "type": "segmentation",
      "source": {
        "url": "gs://ucl-hip-ct-ebb-hseid5pvpp8vgtzt/derivatives/sub-01/ses-02/anat/sub-01_ses-02_space-orig_desc-subfields_atlas-multihist7_dseg.precomputed/|neuroglancer-precomputed:",
        "transform": {
          "matrix": [
            [
              0.9999584371028636,
              -0.008129664984075462,
              0.004127058764327903,
              -2385.862510865518
            ],
            [
              -0.0033295636909657592,
              0.09577731739314138,
              0.9953972169333204,
              -1340.0151311116847
            ],
            [
              -0.00848752451692014,
              -0.9953695866461958,
              0.09574626837299992,
              21106.504651347183
            ]
          ],
          "outputDimensions": {
            "z": [
              0.000007719999999999999,
              "m"
            ],
            "y": [
              0.000007719999999999999,
              "m"
            ],
            "x": [
              0.000007719999999999999,
              "m"
            ]
          }
        },
        "subsources": {
          "default": true,
          "properties": true,
          "mesh": true
        },
        "enableDefaultSubsources": false
      },
      "tab": "source",
      "segments": [
        "2",
        "3",
        "4",
        "5",
        "7",
        "8",
        "6",
        "1",
        "12",
        "13",
        "14",
        "15",
        "17",
        "18",
        "16",
        "11"
      ],
      "segmentColors": {
        "1": "#ff0000",
        "2": "#00ff00",
        "3": "#0000ff",
        "4": "#ffff00",
        "5": "#00ffff",
        "6": "#ff00ff",
        "7": "#ffedd5",
        "8": "#0000cd",
        "11": "#ff0000",
        "12": "#00ff00",
        "13": "#0000ff",
        "14": "#ffff00",
        "15": "#00ffff",
        "16": "#ff00ff",
        "17": "#ffedd5",
        "18": "#0000cd"
      },
      "name": "HippUnfold-UNet hippocampal subfields from MRI"
    },
    {
      "type": "segmentation",
      "source": {
        "url": "gs://ucl-hip-ct-ebb-hseid5pvpp8vgtzt/derivatives/sub-01/ses-01/micr/sub-01_ses-01_sample-brain_res-123um_desc-enlarged1mm_mask.precomputed/|neuroglancer-precomputed:",
        "transform": {
          "matrix": [
            [
              -1,
              0,
              0,
              18704
            ],
            [
              0,
              1,
              0,
              0
            ],
            [
              0,
              0,
              1,
              0
            ]
          ],
          "outputDimensions": {
            "x": [
              0.000007719999999999999,
              "m"
            ],
            "y": [
              0.000007719999999999999,
              "m"
            ],
            "z": [
              0.000007719999999999999,
              "m"
            ]
          }
        },
        "subsources": {
          "default": true,
          "mesh": true
        },
        "enableDefaultSubsources": false
      },
      "tab": "source",
      "meshSilhouetteRendering": 2.1,
      "segments": [
        "0",
        "1"
      ],
      "segmentQuery": "1",
      "segmentDefaultColor": "#ffffff",
      "name": "Brain mask"
    },
    {
      "type": "segmentation",
      "source": {
        "url": "gs://ucl-hip-ct-ebb-hseid5pvpp8vgtzt/derivatives/sub-01/ses-01/micr/sub-01_ses-01_sample-brain_res-123um_desc-enlarged1mm_mask.precomputed/|neuroglancer-precomputed:",
        "transform": {
          "matrix": [
            [
              -1,
              0,
              0,
              18704
            ],
            [
              0,
              1,
              0,
              0
            ],
            [
              0,
              0,
              1,
              0
            ]
          ],
          "outputDimensions": {
            "x": [
              0.000007719999999999999,
              "m"
            ],
            "y": [
              0.000007719999999999999,
              "m"
            ],
            "z": [
              0.000007719999999999999,
              "m"
            ]
          }
        },
        "subsources": {
          "default": true,
          "mesh": true
        },
        "enableDefaultSubsources": false
      },
      "tab": "source",
      "meshSilhouetteRendering": 2.1,
      "segments": [
        "0",
        "1"
      ],
      "segmentQuery": "1",
      "segmentDefaultColor": "#ffffff",
      "name": "Brain mask1",
      "archived": true
    }
  ],
  "showAxisLines": false,
  "showSlices": false,
  "concurrentDownloads": 150,
  "selectedLayer": {
    "layer": "HippUnfold-UNet hippocampal subfields from MRI"
  },
  "crossSectionBackgroundColor": "#000000",
  "layout": "3d",
  "selection": {
    "size": 533,
    "visible": false
  },
  "toolPalettes": {
    "Palette": {
      "row": 2,
      "visible": false,
      "tools": [
        {
          "type": "dimension",
          "dimension": "x"
        }
      ]
    }
  }
}
