{
  "title": "Extremely Brilliant Brain and its paired MRI",
  "dimensions": {
    "x": [
      0.000007719999999999999,
      "m"
    ],
    "y": [
      0.000007719999999999999,
      "m"
    ],
    "z": [
      0.000007719999999999999,
      "m"
    ]
  },
  "position": [
    8344.4931640625,
    6245.654296875,
    10965.58203125
  ],
  "crossSectionOrientation": [
    0.7071067690849304,
    -0.7071067690849304,
    0,
    0
  ],
  "crossSectionScale": 31.500393012836557,
  "projectionOrientation": [
    -0.32171571254730225,
    -0.38647034764289856,
    -0.5041969418525696,
    0.7020862698554993
  ],
  "projectionScale": 20893.798805329476,
  "layers": [
    {
      "type": "image",
      "source": {
        "url": "zarr://gs://ucl-hip-ct-ebb-hseid5pvpp8vgtzt/sub-01/ses-01/micr/sub-01_ses-01_sample-brain_XPCT.ome.zarr/",
        "subsources": {
          "default": true
        },
        "enableDefaultSubsources": false
      },
      "tab": "source",
      "shaderControls": {
        "normalized": {
          "range": [
            14329,
            14500
          ]
        }
      },
      "crossSectionRenderScale": 4.783493096176566,
      "volumeRendering": "max",
      "name": "Extremely Brilliant Brain"
    },
    {
      "type": "image",
      "source": {
        "url": "gs://ucl-hip-ct-ebb-hseid5pvpp8vgtzt/derivatives/sub-01/ses-02/anat/sub-01_ses-02_desc-masked_T2w.nii.zarr/|zarr2:",
        "transform": {
          "matrix": [
            [
              0.004127058764327903,
              -0.008129664984075462,
              0.9999584371028636,
              -2385.862510865518
            ],
            [
              0.9953972169333204,
              0.09577731739314138,
              -0.0033295636909657592,
              -1340.0151311116847
            ],
            [
              0.09574626837299992,
              -0.9953695866461958,
              -0.00848752451692014,
              21106.504651347183
            ]
          ],
          "outputDimensions": {
            "z": [
              0.000007719999999999999,
              "m"
            ],
            "y": [
              0.000007719999999999999,
              "m"
            ],
            "x": [
              0.000007719999999999999,
              "m"
            ]
          }
        },
        "subsources": {
          "default": true
        },
        "enableDefaultSubsources": false
      },
      "tab": "source",
      "annotationColor": "#00ff00",
      "opacity": 1,
      "shader": "#uicontrol invlerp normalized\n\nvoid main() {\n  emitGrayscale(normalized());\n  if (toRaw(getDataValue(0)) == 0) emitTransparent();\n}\n",
      "shaderControls": {
        "normalized": {
          "range": [
            2446,
            -2010
          ]
        }
      },
      "name": "MRI (NIfTI-Zarr)"
    },
    {
      "type": "image",
      "source": {
        "url": "gs://ucl-hip-ct-ebb-hseid5pvpp8vgtzt/sub-01/ses-02/anat/sub-01_ses-02_T2w.nii.gz|nifti:",
        "transform": {
          "matrix": [
            [
              0.9999584371028636,
              -0.008129664984075462,
              0.004127058764327903,
              -2385.862510865518
            ],
            [
              -0.0033295636909657592,
              0.09577731739314138,
              0.9953972169333204,
              -1340.0151311116847
            ],
            [
              -0.00848752451692014,
              -0.9953695866461958,
              0.09574626837299992,
              21106.504651347183
            ]
          ],
          "outputDimensions": {
            "z": [
              0.000007719999999999999,
              "m"
            ],
            "y": [
              0.000007719999999999999,
              "m"
            ],
            "x": [
              0.000007719999999999999,
              "m"
            ]
          }
        }
      },
      "tab": "annotations",
      "annotationColor": "#00ff00",
      "shaderControls": {
        "normalized": {
          "range": [
            2883,
            -2166
          ]
        }
      },
      "crossSectionRenderScale": 0.0625,
      "name": "MRI (NIfTI)",
      "visible": false
    }
  ],
  "showSlices": false,
  "concurrentDownloads": 150,
  "selectedLayer": {
    "layer": "MRI (NIfTI-Zarr)"
  },
  "crossSectionBackgroundColor": "#000000",
  "layout": "4panel-alt",
  "selection": {
    "size": 533,
    "visible": false
  },
  "toolPalettes": {
    "Palette": {
      "row": 2,
      "visible": false,
      "tools": [
        {
          "type": "dimension",
          "dimension": "x"
        }
      ]
    }
  }
}
